TIDE v3.3 global MCMC stats (SN + BAO + CMB prior)
n_walkers: 32
n_steps: 2000
burn_in: 500
n_data: 1708
acceptance_fraction_mean: 0.597063

Best-fit TIDE parameters (post burn-in max log posterior):
Omega_m: 0.303379
H0: 68.285532
tau0_gyr: 2.991699
chi2_tide_best: 960.794701

Best-fit LCDM reference (same probes):
Omega_m_lcdm: 0.304833
H0_lcdm: 68.226767
chi2_lcdm_best: 961.109807

BIC_tide (k=3): 983.123936
BIC_lcdm (k=2): 975.995963
Delta_BIC = BIC_tide - BIC_lcdm: 7.127973
